% Intrinsic and Extrinsic Camera Parameters
%
% This script file can be directly executed under Matlab to recover the camera intrinsic and extrinsic parameters.
% IMPORTANT: This file contains neither the structure of the calibration objects nor the image coordinates of the calibration points.
%            All those complementary variables are saved in the complete matlab data file Calib_Results.mat.
% For more information regarding the calibration model visit http://www.vision.caltech.edu/bouguetj/calib_doc/


%-- Focal length:
fc = [ 1666.614803077640800 ; 1666.215360719206000 ];

%-- Principal point:
cc = [ 1153.193563658773000 ; 750.402634412148020 ];

%-- Skew coefficient:
alpha_c = 0.000000000000000;

%-- Distortion coefficients:
kc = [ 0.094309355567054 ; -0.139198374480413 ; 0.001749138735206 ; -0.003812711215918 ; 0.000000000000000 ];

%-- Focal length uncertainty:
fc_error = [ 4.651600974910616 ; 4.615171943389129 ];

%-- Principal point uncertainty:
cc_error = [ 7.592607805258678 ; 5.854034959451669 ];

%-- Skew coefficient uncertainty:
alpha_c_error = 0.000000000000000;

%-- Distortion coefficients uncertainty:
kc_error = [ 0.008087907561784 ; 0.019009570124967 ; 0.001259173300506 ; 0.001782029277194 ; 0.000000000000000 ];

%-- Image size:
nx = 2304;
ny = 1536;


%-- Various other variables (may be ignored if you do not use the Matlab Calibration Toolbox):
%-- Those variables are used to control which intrinsic parameters should be optimized

n_ima = 35;						% Number of calibration images
est_fc = [ 1 ; 1 ];					% Estimation indicator of the two focal variables
est_aspect_ratio = 1;				% Estimation indicator of the aspect ratio fc(2)/fc(1)
center_optim = 1;					% Estimation indicator of the principal point
est_alpha = 0;						% Estimation indicator of the skew coefficient
est_dist = [ 1 ; 1 ; 1 ; 1 ; 0 ];	% Estimation indicator of the distortion coefficients


%-- Extrinsic parameters:
%-- The rotation (omc_kk) and the translation (Tc_kk) vectors for every calibration image and their uncertainties

%-- Image #1:
omc_1 = [ -1.670056e-01 ; 2.883863e+00 ; 1.106414e-01 ];
Tc_1  = [ 2.738790e+01 ; -1.184960e+02 ; 5.115473e+02 ];
omc_error_1 = [ 2.314437e-03 ; 8.151062e-03 ; 1.399705e-02 ];
Tc_error_1  = [ 2.368458e+00 ; 1.799479e+00 ; 1.780269e+00 ];

%-- Image #2:
omc_2 = [ -9.228639e-02 ; -2.829281e+00 ; 1.085397e+00 ];
Tc_2  = [ 1.988473e+02 ; -7.227554e+01 ; 9.815734e+02 ];
omc_error_2 = [ 4.103249e-03 ; 7.168624e-03 ; 9.223672e-03 ];
Tc_error_2  = [ 4.483803e+00 ; 3.495918e+00 ; 3.375843e+00 ];

%-- Image #3:
omc_3 = [ -8.263999e-02 ; -2.446200e+00 ; 3.474825e-02 ];
Tc_3  = [ 1.336615e+02 ; -7.217021e+01 ; 7.809786e+02 ];
omc_error_3 = [ 2.834801e-03 ; 6.748940e-03 ; 8.368912e-03 ];
Tc_error_3  = [ 3.601470e+00 ; 2.768977e+00 ; 3.575981e+00 ];

%-- Image #4:
omc_4 = [ -1.963424e-01 ; -2.909462e+00 ; -1.005125e+00 ];
Tc_4  = [ 2.026937e+02 ; -1.239994e+02 ; 8.985352e+02 ];
omc_error_4 = [ 3.437913e-03 ; 8.063878e-03 ; 1.092973e-02 ];
Tc_error_4  = [ 4.137212e+00 ; 3.225454e+00 ; 3.617215e+00 ];

%-- Image #5:
omc_5 = [ 1.261058e-01 ; 2.848849e+00 ; -7.793720e-02 ];
Tc_5  = [ 2.155231e+02 ; -1.145550e+02 ; 9.565042e+02 ];
omc_error_5 = [ 2.741249e-03 ; 9.280574e-03 ; 1.348989e-02 ];
Tc_error_5  = [ 4.410048e+00 ; 3.409455e+00 ; 3.478043e+00 ];

%-- Image #6:
omc_6 = [ 8.764012e-01 ; -2.927373e+00 ; -3.204511e-02 ];
Tc_6  = [ 2.341478e+02 ; -6.361165e+01 ; 1.043264e+03 ];
omc_error_6 = [ 7.541381e-03 ; 2.851731e-02 ; 5.581986e-02 ];
Tc_error_6  = [ 4.805582e+00 ; 3.718558e+00 ; 5.552302e+00 ];

%-- Image #7:
omc_7 = [ -8.906463e-01 ; -2.919206e+00 ; 1.043718e-01 ];
Tc_7  = [ 8.314395e+01 ; -1.880882e+02 ; 1.054079e+03 ];
omc_error_7 = [ 9.299183e-03 ; 2.237109e-02 ; 4.070603e-02 ];
Tc_error_7  = [ 4.834122e+00 ; 3.718316e+00 ; 4.605586e+00 ];

%-- Image #8:
omc_8 = [ -1.397611e-01 ; -2.194802e+00 ; -1.470244e-03 ];
Tc_8  = [ 8.836217e+01 ; -6.191609e+01 ; 6.966832e+02 ];
omc_error_8 = [ 2.902345e-03 ; 5.484049e-03 ; 5.937912e-03 ];
Tc_error_8  = [ 3.196518e+00 ; 2.463726e+00 ; 3.021244e+00 ];

%-- Image #9:
omc_9 = [ 1.048821e-01 ; 2.332435e+00 ; -9.508771e-02 ];
Tc_9  = [ 1.401052e+02 ; -7.437691e+01 ; 8.609961e+02 ];
omc_error_9 = [ 2.876049e-03 ; 5.401128e-03 ; 6.172931e-03 ];
Tc_error_9  = [ 3.940687e+00 ; 3.049791e+00 ; 2.857185e+00 ];

%-- Image #10:
omc_10 = [ -8.822914e-02 ; -2.648347e+00 ; 1.469365e+00 ];
Tc_10  = [ 2.839712e+02 ; 8.227765e+00 ; 9.553020e+02 ];
omc_error_10 = [ 4.451638e-03 ; 6.332551e-03 ; 7.517323e-03 ];
Tc_error_10  = [ 4.371053e+00 ; 3.447568e+00 ; 3.359370e+00 ];

%-- Image #11:
omc_11 = [ -1.762955e-01 ; -2.734801e+00 ; -1.426685e+00 ];
Tc_11  = [ 1.778214e+02 ; -1.186238e+02 ; 8.590881e+02 ];
omc_error_11 = [ 4.117831e-03 ; 6.606525e-03 ; 8.298049e-03 ];
Tc_error_11  = [ 3.951470e+00 ; 3.079177e+00 ; 3.382271e+00 ];

%-- Image #12:
omc_12 = [ -2.559031e-01 ; -3.002191e+00 ; 1.424027e-01 ];
Tc_12  = [ 1.882423e+02 ; -6.583938e+01 ; 4.051886e+02 ];
omc_error_12 = [ 1.619839e-03 ; 6.563953e-03 ; 1.049883e-02 ];
Tc_error_12  = [ 1.866724e+00 ; 1.488362e+00 ; 1.657060e+00 ];

%-- Image #13:
omc_13 = [ -2.422696e-01 ; -2.249438e+00 ; -2.947337e-02 ];
Tc_13  = [ 1.321779e+02 ; -5.914230e+01 ; 3.451579e+02 ];
omc_error_13 = [ 1.925216e-03 ; 4.767097e-03 ; 5.132483e-03 ];
Tc_error_13  = [ 1.630881e+00 ; 1.259417e+00 ; 1.390956e+00 ];

%-- Image #14:
omc_14 = [ 1.145992e-01 ; 2.611847e+00 ; -2.236795e-01 ];
Tc_14  = [ 1.143850e+02 ; -2.917562e+01 ; 5.128831e+02 ];
omc_error_14 = [ 1.837371e-03 ; 4.976254e-03 ; 6.281639e-03 ];
Tc_error_14  = [ 2.309291e+00 ; 1.817778e+00 ; 1.409927e+00 ];

%-- Image #15:
omc_15 = [ -1.542146e-01 ; -2.714734e+00 ; 1.329911e+00 ];
Tc_15  = [ 1.474656e+02 ; -1.887212e+01 ; 5.370399e+02 ];
omc_error_15 = [ 3.302616e-03 ; 5.106024e-03 ; 6.034318e-03 ];
Tc_error_15  = [ 2.435921e+00 ; 1.923907e+00 ; 1.589623e+00 ];

%-- Image #16:
omc_16 = [ 1.528054e-02 ; -2.806063e+00 ; -1.113789e+00 ];
Tc_16  = [ 1.370537e+02 ; -1.122249e+02 ; 4.254642e+02 ];
omc_error_16 = [ 2.532897e-03 ; 5.269248e-03 ; 6.916232e-03 ];
Tc_error_16  = [ 1.991666e+00 ; 1.556785e+00 ; 1.665941e+00 ];

%-- Image #17:
omc_17 = [ 8.052411e-01 ; -2.919300e+00 ; 7.671605e-02 ];
Tc_17  = [ 1.550834e+02 ; -1.768745e+01 ; 4.368249e+02 ];
omc_error_17 = [ 1.960304e-03 ; 6.489029e-03 ; 1.181075e-02 ];
Tc_error_17  = [ 2.019117e+00 ; 1.564733e+00 ; 1.665891e+00 ];

%-- Image #18:
omc_18 = [ 5.070382e-03 ; -2.672404e+00 ; 1.478530e+00 ];
Tc_18  = [ 1.817198e+02 ; 1.469600e+01 ; 4.439731e+02 ];
omc_error_18 = [ 3.139874e-03 ; 4.909012e-03 ; 5.518280e-03 ];
Tc_error_18  = [ 2.015336e+00 ; 1.628977e+00 ; 1.420564e+00 ];

%-- Image #19:
omc_19 = [ 2.285842e-02 ; -2.756848e+00 ; -1.224180e+00 ];
Tc_19  = [ 1.554999e+02 ; -3.684009e+01 ; 3.861607e+02 ];
omc_error_19 = [ 3.151568e-03 ; 4.848617e-03 ; 5.975288e-03 ];
Tc_error_19  = [ 1.773116e+00 ; 1.405584e+00 ; 1.527941e+00 ];

%-- Image #20:
omc_20 = [ -1.053781e-01 ; -2.086811e+00 ; 6.962934e-02 ];
Tc_20  = [ 1.144185e+02 ; -4.585827e+01 ; 3.385122e+02 ];
omc_error_20 = [ 2.155274e-03 ; 4.696037e-03 ; 4.501110e-03 ];
Tc_error_20  = [ 1.580662e+00 ; 1.223589e+00 ; 1.336523e+00 ];

%-- Image #21:
omc_21 = [ 6.947788e-02 ; 2.254801e+00 ; -6.974627e-02 ];
Tc_21  = [ 3.969334e+01 ; -3.633102e+01 ; 5.864083e+02 ];
omc_error_21 = [ 2.211687e-03 ; 4.811018e-03 ; 5.183303e-03 ];
Tc_error_21  = [ 2.661510e+00 ; 2.059348e+00 ; 1.503587e+00 ];

%-- Image #22:
omc_22 = [ -7.278268e-02 ; -3.091588e+00 ; -2.905601e-02 ];
Tc_22  = [ 2.156342e+02 ; -8.464333e+01 ; 8.774800e+02 ];
omc_error_22 = [ 3.245451e-03 ; 2.054637e-02 ; 4.115806e-02 ];
Tc_error_22  = [ 4.020411e+00 ; 3.130978e+00 ; 3.856312e+00 ];

%-- Image #23:
omc_23 = [ -7.907687e-02 ; -2.727267e+00 ; -7.535051e-01 ];
Tc_23  = [ 1.317159e+02 ; -1.514649e+01 ; 3.018724e+02 ];
omc_error_23 = [ 2.304857e-03 ; 4.843359e-03 ; 5.590464e-03 ];
Tc_error_23  = [ 1.388792e+00 ; 1.109640e+00 ; 1.278887e+00 ];

%-- Image #24:
