% Intrinsic and Extrinsic Camera Parameters
%
% This script file can be directly executed under Matlab to recover the camera intrinsic and extrinsic parameters.
% IMPORTANT: This file contains neither the structure of the calibration objects nor the image coordinates of the calibration points.
%            All those complementary variables are saved in the complete matlab data file Calib_Results.mat.
% For more information regarding the calibration model visit http://www.vision.caltech.edu/bouguetj/calib_doc/


%-- Focal length:
fc = [ 1383.152571960345540 ; 1383.874471709723593 ];

%-- Principal point:
cc = [ 968.010810999979981 ; 521.112065478752015 ];

%-- Skew coefficient:
alpha_c = 0.000000000000000;

%-- Distortion coefficients:
kc = [ 0.088461010428054 ; -0.163831934460962 ; -0.001215200314942 ; -0.002936925570228 ; 0.000000000000000 ];

%-- Focal length uncertainty:
fc_error = [ 4.312810855753705 ; 4.226017794421510 ];

%-- Principal point uncertainty:
cc_error = [ 3.253121867896766 ; 2.908588630467761 ];

%-- Skew coefficient uncertainty:
alpha_c_error = 0.000000000000000;

%-- Distortion coefficients uncertainty:
kc_error = [ 0.005192850802081 ; 0.014262234148454 ; 0.000810799101585 ; 0.000957354348894 ; 0.000000000000000 ];

%-- Image size:
nx = 1920;
ny = 1080;


%-- Various other variables (may be ignored if you do not use the Matlab Calibration Toolbox):
%-- Those variables are used to control which intrinsic parameters should be optimized

n_ima = 30;						% Number of calibration images
est_fc = [ 1 ; 1 ];					% Estimation indicator of the two focal variables
est_aspect_ratio = 1;				% Estimation indicator of the aspect ratio fc(2)/fc(1)
center_optim = 1;					% Estimation indicator of the principal point
est_alpha = 0;						% Estimation indicator of the skew coefficient
est_dist = [ 1 ; 1 ; 1 ; 1 ; 0 ];	% Estimation indicator of the distortion coefficients


%-- Extrinsic parameters:
%-- The rotation (omc_kk) and the translation (Tc_kk) vectors for every calibration image and their uncertainties

%-- Image #1:
omc_1 = [ 2.176547e+00 ; -2.119501e+00 ; -5.663806e-03 ];
Tc_1  = [ 1.082108e+03 ; 9.888297e+02 ; 4.821928e+03 ];
omc_error_1 = [ 2.986965e-03 ; 2.906998e-03 ; 6.178724e-03 ];
Tc_error_1  = [ 1.155627e+01 ; 1.033473e+01 ; 1.691216e+01 ];

%-- Image #2:
omc_2 = [ -2.022983e+00 ; 1.778928e+00 ; -1.512172e-01 ];
Tc_2  = [ 2.215255e+03 ; 1.138323e+03 ; 5.723608e+03 ];
omc_error_2 = [ 2.475211e-03 ; 2.039275e-03 ; 4.053740e-03 ];
Tc_error_2  = [ 1.376974e+01 ; 1.250426e+01 ; 1.656615e+01 ];

%-- Image #3:
omc_3 = [ -1.856434e+00 ; 1.906555e+00 ; 1.049395e-02 ];
Tc_3  = [ 2.511959e+03 ; 9.318934e+02 ; 4.874570e+03 ];
omc_error_3 = [ 2.250070e-03 ; 2.095771e-03 ; 3.878173e-03 ];
Tc_error_3  = [ 1.187775e+01 ; 1.100989e+01 ; 1.440805e+01 ];

%-- Image #4:
omc_4 = [ 2.132175e+00 ; -1.996193e+00 ; -9.132224e-01 ];
Tc_4  = [ 3.168556e+02 ; 1.119283e+03 ; 4.409110e+03 ];
omc_error_4 = [ 2.727777e-03 ; 1.684960e-03 ; 3.918666e-03 ];
Tc_error_4  = [ 1.047143e+01 ; 9.192538e+00 ; 1.421917e+01 ];

%-- Image #5:
omc_5 = [ 2.135606e+00 ; -2.089308e+00 ; -3.935469e-02 ];
Tc_5  = [ 1.252347e+03 ; 1.030221e+03 ; 5.131813e+03 ];
omc_error_5 = [ 3.187354e-03 ; 3.252200e-03 ; 6.630220e-03 ];
Tc_error_5  = [ 1.237660e+01 ; 1.105917e+01 ; 1.834001e+01 ];

%-- Image #6:
omc_6 = [ -2.509389e+00 ; 1.711414e+00 ; 6.150558e-01 ];
Tc_6  = [ 1.600220e+03 ; 1.665473e+03 ; 4.624701e+03 ];
omc_error_6 = [ 2.585882e-03 ; 2.003033e-03 ; 5.312824e-03 ];
Tc_error_6  = [ 1.126745e+01 ; 9.937804e+00 ; 1.494766e+01 ];

%-- Image #7:
omc_7 = [ -2.145700e+00 ; 1.766962e+00 ; 7.896024e-01 ];
Tc_7  = [ 1.349744e+03 ; 1.659257e+03 ; 4.983205e+03 ];
omc_error_7 = [ 1.906124e-03 ; 2.335982e-03 ; 3.912439e-03 ];
Tc_error_7  = [ 1.194811e+01 ; 1.060399e+01 ; 1.526578e+01 ];

%-- Image #8:
omc_8 = [ -2.095628e+00 ; 2.161172e+00 ; 4.176916e-02 ];
Tc_8  = [ 1.698977e+03 ; 1.158581e+03 ; 5.057004e+03 ];
omc_error_8 = [ 2.701633e-03 ; 2.943590e-03 ; 5.744097e-03 ];
Tc_error_8  = [ 1.197359e+01 ; 1.075892e+01 ; 1.646388e+01 ];

%-- Image #9:
omc_9 = [ -1.775746e+00 ; 1.788648e+00 ; 1.106162e-01 ];
Tc_9  = [ 2.094184e+03 ; 1.237216e+03 ; 5.484966e+03 ];
omc_error_9 = [ 2.036778e-03 ; 2.246459e-03 ; 3.308511e-03 ];
Tc_error_9  = [ 1.324013e+01 ; 1.203218e+01 ; 1.516489e+01 ];

%-- Image #10:
omc_10 = [ 2.233718e+00 ; -2.123660e+00 ; 5.549856e-01 ];
Tc_10  = [ 1.639364e+03 ; 6.844652e+02 ; 5.764549e+03 ];
omc_error_10 = [ 2.481034e-03 ; 2.964874e-03 ; 5.450408e-03 ];
Tc_error_10  = [ 1.355695e+01 ; 1.229860e+01 ; 1.877558e+01 ];

%-- Image #11:
omc_11 = [ 1.932474e+00 ; -1.793820e+00 ; -3.525976e-01 ];
Tc_11  = [ 2.655242e+02 ; 9.008352e+02 ; 4.884159e+03 ];
omc_error_11 = [ 2.379435e-03 ; 2.175290e-03 ; 3.950272e-03 ];
Tc_error_11  = [ 1.166136e+01 ; 1.033774e+01 ; 1.807683e+01 ];

%-- Image #12:
omc_12 = [ -2.164602e+00 ; 2.191832e+00 ; 5.669076e-01 ];
Tc_12  = [ 6.981544e+02 ; 1.126953e+03 ; 4.649615e+03 ];
omc_error_12 = [ 1.849492e-03 ; 2.655033e-03 ; 4.714697e-03 ];
Tc_error_12  = [ 1.106504e+01 ; 9.705955e+00 ; 1.519912e+01 ];

%-- Image #13:
omc_13 = [ 2.018683e+00 ; -1.966585e+00 ; 3.578839e-01 ];
Tc_13  = [ 9.689255e+02 ; 6.885937e+02 ; 5.567429e+03 ];
omc_error_13 = [ 2.573891e-03 ; 2.902717e-03 ; 5.131232e-03 ];
Tc_error_13  = [ 1.323925e+01 ; 1.189046e+01 ; 1.967607e+01 ];

%-- Image #14:
omc_14 = [ 2.180265e+00 ; -2.098512e+00 ; 6.761618e-01 ];
Tc_14  = [ 1.989781e+03 ; 9.479635e+02 ; 5.995381e+03 ];
omc_error_14 = [ 2.348623e-03 ; 3.013601e-03 ; 5.124231e-03 ];
Tc_error_14  = [ 1.418537e+01 ; 1.286896e+01 ; 1.976980e+01 ];

%-- Image #15:
omc_15 = [ 1.901559e+00 ; -1.859055e+00 ; -9.040943e-02 ];
Tc_15  = [ -3.324846e+02 ; 9.232384e+02 ; 5.069150e+03 ];
omc_error_15 = [ 2.421218e-03 ; 2.246267e-03 ; 4.189516e-03 ];
Tc_error_15  = [ 1.212347e+01 ; 1.073399e+01 ; 1.826120e+01 ];

%-- Image #16:
omc_16 = [ -2.187517e+00 ; 2.190875e+00 ; 3.635468e-01 ];
Tc_16  = [ 3.947204e+02 ; 1.015874e+03 ; 4.818074e+03 ];
omc_error_16 = [ 2.125429e-03 ; 2.895762e-03 ; 5.186756e-03 ];
Tc_error_16  = [ 1.143660e+01 ; 1.004058e+01 ; 1.601664e+01 ];

%-- Image #17:
omc_17 = [ 1.975343e+00 ; -1.904498e+00 ; 3.386149e-02 ];
Tc_17  = [ 1.167149e+03 ; 7.639160e+02 ; 4.982380e+03 ];
omc_error_17 = [ 2.437964e-03 ; 2.767376e-03 ; 4.742382e-03 ];
Tc_error_17  = [ 1.202235e+01 ; 1.074429e+01 ; 1.850360e+01 ];

%-- Image #18:
omc_18 = [ -2.082482e+00 ; 2.038976e+00 ; -3.008733e-01 ];
Tc_18  = [ 2.763105e+03 ; 8.733085e+02 ; 5.146690e+03 ];
omc_error_18 = [ 2.856912e-03 ; 2.105923e-03 ; 4.612588e-03 ];
Tc_error_18  = [ 1.263027e+01 ; 1.157025e+01 ; 1.650451e+01 ];

%-- Image #19:
omc_19 = [ 2.018520e+00 ; -2.270044e+00 ; -7.835352e-02 ];
Tc_19  = [ 9.043460e+02 ; 9.910508e+02 ; 5.128346e+03 ];
omc_error_19 = [ 3.014119e-03 ; 3.057002e-03 ; 6.284719e-03 ];
Tc_error_19  = [ 1.226720e+01 ; 1.088207e+01 ; 1.811588e+01 ];

%-- Image #20:
omc_20 = [ -2.119381e+00 ; 2.115341e+00 ; 8.625542e-01 ];
Tc_20  = [ 4.296713e+01 ; 1.113052e+03 ; 5.348345e+03 ];
omc_error_20 = [ 1.681968e-03 ; 2.844928e-03 ; 4.438675e-03 ];
Tc_error_20  = [ 1.274054e+01 ; 1.116212e+01 ; 1.709674e+01 ];

%-- Image #21:
omc_21 = [ -2.206865e+00 ; 2.129518e+00 ; -2.227221e-01 ];
Tc_21  = [ 7.665963e+02 ; 1.215769e+03 ; 4.321945e+03 ];
omc_error_21 = [ 2.415691e-03 ; 2.680300e-03 ; 5.750888e-03 ];
Tc_error_21  = [ 1.029888e+01 ; 9.116458e+00 ; 1.413083e+01 ];

%-- Image #22:
omc_22 = [ -2.122693e+00 ; 2.055067e+00 ; -3.376655e-01 ];
Tc_22  = [ 1.219334e+03 ; 1.249880e+03 ; 4.752476e+03 ];
omc_error_22 = [ 2.450867e-03 ; 2.465567e-03 ; 4.913937e-03 ];
Tc_error_22  = [ 1.125843e+01 ; 9.998745e+00 ; 1.465257e+01 ];

%-- Image #23:
omc_23 = [ 2.108515e+00 ; -1.972121e+00 ; -3.897950e-01 ];
Tc_23  = [ 7.238985e+02 ; 1.301518e+03 ; 3.793310e+03 ];
omc_error_23 = [ 2.358098e-03 ; 1.808320e-03 ; 4.198767e-03 ];
Tc_error_23  = [ 9.191795e+00 ; 8.028478e+00 ; 1.296908e+01 ];

%-- Image #24:
omc_24 = [ 2.236464e+00 ; -2.104459e+00 ; -6.082536e-01 ];
